6
0,1,2,4,4,1,2,0
0,57,61,70,24,89,19,0
57,0,93,58,40,76,50,57
61,93,0,88,91,75,85,61
70,58,88,0,32,59,83,70
24,40,91,32,0,68,77,24
89,76,75,59,68,0,44,89
19,50,85,83,77,44,0,19
0,57,61,70,24,89,19,0
