6
0,1,1,1,1,1,1,0
0,55,40,12,13,12,54,0
55,0,92,89,71,88,69,55
40,92,0,29,21,33,24,40
12,89,29,0,11,74,72,12
13,71,21,11,0,41,18,13
12,88,33,74,41,0,95,12
54,69,24,72,18,95,0,54
0,55,40,12,13,12,54,0
