10
0,1,2,5,5,2,2,5,4,1,3,0
0,57,78,97,58,142,68,77,105,108,94,0
57,0,125,43,51,73,45,39,38,39,30,57
78,125,0,69,88,40,79,65,145,130,137,78
97,43,69,0,79,66,68,112,136,150,137,97
58,51,88,79,0,40,144,75,63,37,80,58
142,73,40,66,40,0,137,57,117,128,119,142
68,45,79,68,144,137,0,125,85,99,62,68
77,39,65,112,75,57,125,0,83,38,141,77
105,38,145,136,63,117,85,83,0,101,87,105
108,39,130,150,37,128,99,38,101,0,134,108
94,30,137,137,80,119,62,141,87,134,0,94
0,57,78,97,58,142,68,77,105,108,94,0
