7
0,4,2,3,3,2,4,2,0
0,77,100,46,71,16,68,71,0
77,0,34,73,59,58,44,26,77
100,34,0,12,96,68,15,93,100
46,73,12,0,28,13,19,74,46
71,59,96,28,0,73,73,75,71
16,58,68,13,73,0,88,43,16
68,44,15,19,73,88,0,100,68
71,26,93,74,75,43,100,0,71
0,77,100,46,71,16,68,71,0
