8
0,2,2,2,4,2,1,3,2,0
0,105,89,124,117,109,93,36,134,0
105,0,77,43,145,72,60,90,137,105
89,77,0,138,102,137,58,129,75,89
124,43,138,0,40,87,112,103,102,124
117,145,102,40,0,38,124,49,50,117
109,72,137,87,38,0,66,47,105,109
93,60,58,112,124,66,0,77,119,93
36,90,129,103,49,47,77,0,81,36
134,137,75,102,50,105,119,81,0,134
0,105,89,124,117,109,93,36,134,0
