9
0,4,3,3,1,3,2,1,3,4,0
0,54,100,70,98,47,70,70,71,67,0
54,0,59,43,17,72,87,19,64,69,54
100,59,0,71,60,20,54,52,61,63,100
70,43,71,0,54,48,38,16,19,43,70
98,17,60,54,0,72,79,87,100,49,98
47,72,20,48,72,0,39,45,35,53,47
70,87,54,38,79,39,0,92,15,28,70
70,19,52,16,87,45,92,0,74,16,70
71,64,61,19,100,35,15,74,0,53,71
67,69,63,43,49,53,28,16,53,0,67
0,54,100,70,98,47,70,70,71,67,0
