8
0,1,2,3,3,4,4,1,1,0
0,90,50,92,24,85,45,86,19,0
90,0,60,74,34,86,71,80,47,90
50,60,0,72,92,91,93,20,85,50
92,74,72,0,79,46,52,37,58,92
24,34,92,79,0,71,31,84,23,24
85,86,91,46,71,0,63,11,84,85
45,71,93,52,31,63,0,53,18,45
86,80,20,37,84,11,53,0,14,86
19,47,85,58,23,84,18,14,0,19
0,90,50,92,24,85,45,86,19,0
