9
0,3,4,1,1,1,4,4,2,3,0
0,45,39,51,18,45,50,11,15,63,0
45,0,73,95,81,47,24,92,28,35,45
39,73,0,71,89,38,62,39,99,27,39
51,95,71,0,50,72,93,13,86,19,51
18,81,89,50,0,13,81,58,14,100,18
45,47,38,72,13,0,90,27,96,87,45
50,24,62,93,81,90,0,24,92,47,50
11,92,39,13,58,27,24,0,76,83,11
15,28,99,86,14,96,92,76,0,79,15
63,35,27,19,100,87,47,83,79,0,63
0,45,39,51,18,45,50,11,15,63,0
