5
0,2,4,3,4,2,0
0,77,79,68,48,87,0
77,0,94,99,63,95,77
79,94,0,74,34,21,79
68,99,74,0,85,98,68
48,63,34,85,0,66,48
87,95,21,98,66,0,87
0,77,79,68,48,87,0
