4
0,4,2,3,3,0
0,22,88,54,48,0
22,0,89,43,38,22
88,89,0,68,38,88
54,43,68,0,39,54
48,38,38,39,0,48
0,22,88,54,48,0
