8
1,1
2,2
3,5
4,4
5,4
6,5
7,1
8,5
0,3,17,13,11,15,15,13,19,0
3,0,12,19,7,10,9,18,6,3
17,12,0,17,20,6,12,15,10,17
13,19,17,0,5,19,10,1,20,13
11,7,20,5,0,2,4,1,14,11
15,10,6,19,2,0,6,12,3,15
15,9,12,10,4,6,0,6,5,15
13,18,15,1,1,12,6,0,10,13
19,6,10,20,14,3,5,10,0,19
0,3,17,13,11,15,15,13,19,0
