5
0,2,4,4,2,1,0
0,48,81,27,26,92,0
48,0,83,83,56,15,48
81,83,0,98,88,93,81
27,83,98,0,77,16,27
26,56,88,77,0,67,26
92,15,93,16,67,0,92
0,48,81,27,26,92,0
