9
0,3,2,4,3,2,2,2,3,1,0
0,44,79,87,16,19,35,85,98,100,0
44,0,63,26,91,99,21,78,44,53,44
79,63,0,21,36,51,15,27,82,65,79
87,26,21,0,58,45,48,53,97,62,87
16,91,36,58,0,40,100,95,77,50,16
19,99,51,45,40,0,93,87,70,62,19
35,21,15,48,100,93,0,71,61,98,35
85,78,27,53,95,87,71,0,12,92,85
98,44,82,97,77,70,61,12,0,43,98
100,53,65,62,50,62,98,92,43,0,100
0,44,79,87,16,19,35,85,98,100,0
