8
0,3,4,3,2,3,4,3,4,0
0,35,43,34,38,47,89,14,38,0
35,0,22,77,63,43,41,97,35,35
43,22,0,91,33,95,41,97,25,43
34,77,91,0,72,44,18,49,98,34
38,63,33,72,0,96,18,51,41,38
47,43,95,44,96,0,79,58,54,47
89,41,41,18,18,79,0,82,70,89
14,97,97,49,51,58,82,0,84,14
38,35,25,98,41,54,70,84,0,38
0,35,43,34,38,47,89,14,38,0
