6
0,4,3,1,4,4,3,0
0,70,24,44,84,90,66,0
70,0,91,25,87,48,70,70
24,91,0,20,20,35,48,24
44,25,20,0,79,29,53,44
84,87,20,79,0,36,49,84
90,48,35,29,36,0,88,90
66,70,48,53,49,88,0,66
0,70,24,44,84,90,66,0
