9
0,3,1,1,1,2,2,2,4,3,0
0,54,47,100,91,54,12,38,17,42,0
54,0,12,96,23,15,86,52,51,69,54
47,12,0,45,27,15,81,15,90,22,47
100,96,45,0,94,22,21,31,31,58,100
91,23,27,94,0,68,11,26,88,67,91
54,15,15,22,68,0,81,65,29,65,54
12,86,81,21,11,81,0,49,65,12,12
38,52,15,31,26,65,49,0,12,58,38
17,51,90,31,88,29,65,12,0,77,17
42,69,22,58,67,65,12,58,77,0,42
0,54,47,100,91,54,12,38,17,42,0
