6
0,4,2,3,3,1,3,0
0,48,89,43,38,68,38,0
48,0,39,92,41,16,51,48
89,39,0,67,60,87,97,89
43,92,67,0,62,96,48,43
38,41,60,62,0,71,34,38
68,16,87,96,71,0,89,68
38,51,97,48,34,89,0,38
0,48,89,43,38,68,38,0
