8
1,2
2,2
3,2
4,4
5,2
6,1
7,3
8,2
0,19,15,20,16,2,12,4,11,0
19,0,8,16,19,8,12,3,15,19
15,8,0,19,19,3,5,6,10,15
20,16,19,0,5,19,12,13,1,20
16,19,19,5,0,11,17,10,8,16
2,8,3,19,11,0,11,11,20,2
12,12,5,12,17,11,0,20,2,12
4,3,6,13,10,11,20,0,17,4
11,15,10,1,8,20,2,17,0,11
0,19,15,20,16,2,12,4,11,0
