10
1,5
2,3
3,4
4,1
5,5
6,4
7,1
8,5
9,4
10,2
0,6,18,11,2,19,6,15,16,5,13,0
6,0,12,1,17,12,12,8,5,14,12,6
18,12,0,9,17,14,17,12,1,11,16,18
11,1,9,0,8,11,5,14,10,3,14,11
2,17,17,8,0,9,13,13,18,11,2,2
19,12,14,11,9,0,11,13,12,4,7,19
6,12,17,5,13,11,0,16,19,9,11,6
15,8,12,14,13,13,16,0,6,20,5,15
16,5,1,10,18,12,19,6,0,1,12,16
5,14,11,3,11,4,9,20,1,0,18,5
13,12,16,14,2,7,11,5,12,18,0,13
0,6,18,11,2,19,6,15,16,5,13,0
