9
0,3,4,1,1,1,4,4,2,3,0
0,65,59,71,38,135,65,70,31,35,0
65,0,83,136,93,131,115,124,101,67,65
59,83,0,44,112,48,55,127,91,109,59
71,136,44,0,58,82,59,142,147,131,71
38,93,112,58,0,119,147,47,70,92,38
135,131,48,82,119,0,113,33,106,39,135
65,115,55,59,147,113,0,148,33,101,65
70,124,127,142,47,33,148,0,78,129,70
31,101,91,147,70,106,33,78,0,34,31
35,67,109,131,92,39,101,129,34,0,35
0,65,59,71,38,135,65,70,31,35,0
