10
0,1,2,2,2,4,1,3,2,4,2,0
0,48,57,85,88,74,23,31,53,25,19,0
48,0,18,19,10,49,68,20,59,45,59,48
57,18,0,46,48,92,20,55,43,17,60,57
85,19,46,0,37,97,99,65,79,42,63,85
88,10,48,37,0,18,81,67,23,69,13,88
74,49,92,97,18,0,13,31,80,77,30,74
23,68,20,99,81,13,0,66,60,40,83,23
31,20,55,65,67,31,66,0,37,77,23,31
53,59,43,79,23,80,60,37,0,92,76,53
25,45,17,42,69,77,40,77,92,0,37,25
19,59,60,63,13,30,83,23,76,37,0,19
0,48,57,85,88,74,23,31,53,25,19,0
