9
1,5
2,3
3,2
4,4
5,3
6,5
7,2
8,5
9,5
0,5,5,19,10,1,9,18,20,2,0
5,0,3,7,19,14,5,3,18,9,5
5,3,0,11,3,7,11,2,5,19,5
19,7,11,0,14,13,9,10,11,14,19
10,19,3,14,0,8,17,11,20,16,10
1,14,7,13,8,0,14,16,13,1,1
9,5,11,9,17,14,0,9,9,20,9
18,3,2,10,11,16,9,0,1,5,18
20,18,5,11,20,13,9,1,0,19,20
2,9,19,14,16,1,20,5,19,0,2
0,5,5,19,10,1,9,18,20,2,0
