10
0,2,3,4,4,4,1,2,2,1,2,0
0,73,135,70,104,54,120,122,87,33,64,0
73,0,150,53,64,118,110,84,90,141,121,73
135,150,0,143,106,62,143,114,126,33,58,135
70,53,143,0,35,140,98,53,135,115,140,70
104,64,106,35,0,64,86,45,42,115,48,104
54,118,62,140,64,0,122,47,118,49,38,54
120,110,143,98,86,122,0,47,70,38,94,120
122,84,114,53,45,47,47,0,122,74,54,122
87,90,126,135,42,118,70,122,0,69,58,87
33,141,33,115,115,49,38,74,69,0,86,33
64,121,58,140,48,38,94,54,58,86,0,64
0,73,135,70,104,54,120,122,87,33,64,0
