9
1,3
2,4
3,1
4,1
5,1
6,4
7,4
8,2
9,3
0,9,8,11,3,9,11,1,2,14,0
9,0,16,18,10,4,5,7,16,20,9
8,16,0,8,14,8,5,11,16,1,8
11,18,8,0,20,3,1,18,13,2,11
3,10,14,20,0,5,20,4,10,17,3
9,4,8,3,5,0,19,18,4,15,9
11,5,5,1,20,19,0,20,15,15,11
1,7,11,18,4,18,20,0,18,14,1
2,16,16,13,10,4,15,18,0,14,2
14,20,1,2,17,15,15,14,14,0,14
0,9,8,11,3,9,11,1,2,14,0
