10
0,4,2,4,2,3,1,4,2,3,2,0
0,13,67,100,91,67,76,69,22,91,78,0
13,0,24,54,76,12,28,48,42,40,27,13
67,24,0,37,74,63,76,48,35,49,35,67
100,54,37,0,90,22,14,40,96,17,57,100
91,76,74,90,0,81,61,70,79,68,33,91
67,12,63,22,81,0,14,75,26,21,68,67
76,28,76,14,61,14,0,27,100,49,99,76
69,48,48,40,70,75,27,0,64,72,93,69
22,42,35,96,79,26,100,64,0,45,13,22
91,40,49,17,68,21,49,72,45,0,38,91
78,27,35,57,33,68,99,93,13,38,0,78
0,13,67,100,91,67,76,69,22,91,78,0
