5
0,1,5,3,3,4,0
0,125,36,138,97,40,0
125,0,85,139,137,107,125
36,85,0,107,50,135,36
138,139,107,0,87,111,138
97,137,50,87,0,140,97
40,107,135,111,140,0,40
0,125,36,138,97,40,0
