6
0,4,1,3,2,3,1,0
0,89,68,69,92,64,28,0
89,0,92,11,16,97,51,89
68,92,0,20,96,68,89,68
69,11,20,0,48,56,53,69
92,16,96,48,0,23,72,92
64,97,68,56,23,0,41,64
28,51,89,53,72,41,0,28
0,89,68,69,92,64,28,0
