8
0,2,2,2,4,2,1,3,2,0
0,85,69,97,89,73,16,57,23,0
85,0,52,40,70,82,38,55,20,85
69,52,0,67,92,83,82,18,29,69
97,40,67,0,30,46,27,85,57,97
89,70,92,30,0,99,61,11,53,89
73,82,83,46,99,0,74,46,40,73
16,38,82,27,61,74,0,51,50,16
57,55,18,85,11,46,51,0,92,57
23,20,29,57,53,40,50,92,0,23
0,85,69,97,89,73,16,57,23,0
