8
0,1,2,5,4,4,5,1,5,0
0,39,145,95,79,133,73,86,141,0
39,0,115,143,89,79,105,75,103,39
145,115,0,55,67,121,125,114,63,145
95,143,55,0,129,140,101,111,52,95
79,89,67,129,0,141,95,146,108,79
133,79,121,140,141,0,52,77,86,133
73,105,125,101,95,52,0,66,132,73
86,75,114,111,146,77,66,0,133,86
141,103,63,52,108,86,132,133,0,141
0,39,145,95,79,133,73,86,141,0
