9
0,3,1,1,1,5,2,2,2,4,0
0,70,128,74,133,67,120,111,74,123,0
70,0,32,127,58,124,37,123,62,32,70
128,32,0,116,43,138,35,106,72,124,128
74,127,116,0,71,147,89,65,47,35,74
133,58,43,71,0,101,35,110,42,133,133
67,124,138,147,101,0,114,132,42,41,67
120,37,35,89,35,114,0,51,51,78,120
111,123,106,65,110,132,51,0,88,31,111
74,62,72,47,42,42,51,88,0,46,74
123,32,124,35,133,41,78,31,46,0,123
0,70,128,74,133,67,120,111,74,123,0
