6
0,4,2,3,3,1,5,0
0,74,68,109,63,125,58,0
74,0,88,58,59,124,112,74
68,88,0,131,136,61,128,68
109,58,131,0,36,143,71,109
63,59,136,36,0,132,87,63
125,124,61,143,132,0,139,125
58,112,128,71,87,139,0,58
0,74,68,109,63,125,58,0
