8
0,3,4,1,4,1,4,2,2,0
0,81,51,97,14,85,30,69,72,0
81,0,28,59,56,10,75,54,57,81
51,28,0,39,100,29,64,56,95,51
97,59,39,0,44,74,62,100,74,97
14,56,100,44,0,54,13,50,73,14
85,10,29,74,54,0,41,53,26,85
30,75,64,62,13,41,0,95,64,30
69,54,56,100,50,53,95,0,46,69
72,57,95,74,73,26,64,46,0,72
0,81,51,97,14,85,30,69,72,0
