10
0,2,3,4,4,4,1,2,2,1,2,0
0,53,50,84,34,100,67,13,44,33,44,0
53,0,98,90,64,70,86,42,94,13,38,53
50,98,0,15,78,33,95,44,66,25,22,50
84,90,15,0,95,28,27,98,29,18,27,84
34,64,78,95,0,50,18,74,54,34,49,34
100,70,33,28,50,0,38,66,49,12,25,100
67,86,95,27,18,38,0,83,81,87,20,67
13,42,44,98,74,66,83,0,50,79,48,13
44,94,66,29,54,49,81,50,0,77,53,44
33,13,25,18,34,12,87,79,77,0,56,33
44,38,22,27,49,25,20,48,53,56,0,44
0,53,50,84,34,100,67,13,44,33,44,0
