5
0,3,1,3,2,2,0
0,83,26,27,44,41,0
83,0,35,51,82,56,83
26,35,0,97,56,74,26
27,51,97,0,30,34,27
44,82,56,30,0,66,44
41,56,74,34,66,0,41
0,83,26,27,44,41,0
