9
0,5,3,2,4,3,5,2,5,5,0
0,127,47,49,104,66,136,30,64,99,0
127,0,107,36,122,122,39,142,128,55,127
47,107,0,130,129,146,105,118,139,142,47
49,36,130,0,146,120,83,143,46,111,49
104,122,129,146,0,119,125,41,98,64,104
66,122,146,120,119,0,73,41,56,132,66
136,39,105,83,125,73,0,71,35,47,136
30,142,118,143,41,41,71,0,102,85,30
64,128,139,46,98,56,35,102,0,78,64
99,55,142,111,64,132,47,85,78,0,99
0,127,47,49,104,66,136,30,64,99,0
