10
0,3,4,3,1,1,3,4,2,4,4,0
0,38,80,53,23,27,68,18,55,84,68,0
38,0,46,79,13,92,97,56,82,41,66,38
80,46,0,82,39,52,15,20,42,42,27,80
53,79,82,0,15,98,77,57,95,37,44,53
23,13,39,15,0,25,76,50,38,97,95,23
27,92,52,98,25,0,57,43,75,59,62,27
68,97,15,77,76,57,0,75,22,53,90,68
18,56,20,57,50,43,75,0,96,53,16,18
55,82,42,95,38,75,22,96,0,29,66,55
84,41,42,37,97,59,53,53,29,0,54,84
68,66,27,44,95,62,90,16,66,54,0,68
0,38,80,53,23,27,68,18,55,84,68,0
