5
0,3,3,3,3,3,0
0,87,58,34,98,78,0
87,0,25,25,74,100,87
58,25,0,85,40,64,58
34,25,85,0,32,83,34
98,74,40,32,0,31,98
78,100,64,83,31,0,78
0,87,58,34,98,78,0
