10
0,1,4,4,3,3,4,3,3,3,2,0
0,72,21,80,99,26,52,22,93,98,92,0
72,0,32,83,28,78,62,80,24,76,47,72
21,32,0,83,71,76,50,35,94,78,29,21
80,83,83,0,62,58,47,99,52,34,12,80
99,28,71,62,0,22,28,62,77,15,40,99
26,78,76,58,22,0,94,72,73,49,15,26
52,62,50,47,28,94,0,46,50,56,95,52
22,80,35,99,62,72,46,0,63,83,89,22
93,24,94,52,77,73,50,63,0,86,81,93
98,76,78,34,15,49,56,83,86,0,37,98
92,47,29,12,40,15,95,89,81,37,0,92
0,72,21,80,99,26,52,22,93,98,92,0
