10
0,1,3,3,1,3,1,4,4,2,1,0
0,91,21,10,13,72,21,14,58,32,17,0
91,0,18,52,67,42,74,70,78,41,31,91
21,18,0,69,56,38,73,45,20,59,38,21
10,52,69,0,37,91,21,88,32,11,75,10
13,67,56,37,0,51,56,87,70,75,64,13
72,42,38,91,51,0,12,93,37,10,11,72
21,74,73,21,56,12,0,18,80,85,48,21
14,70,45,88,87,93,18,0,39,48,20,14
58,78,20,32,70,37,80,39,0,84,77,58
32,41,59,11,75,10,85,48,84,0,100,32
17,31,38,75,64,11,48,20,77,100,0,17
0,91,21,10,13,72,21,14,58,32,17,0
