5
0,3,3,2,2,4,0
0,22,70,21,54,32,0
22,0,99,24,14,49,22
70,99,0,54,74,70,70
21,24,54,0,33,97,21
54,14,74,33,0,39,54
32,49,70,97,39,0,32
0,22,70,21,54,32,0
