10
0,5,3,4,1,5,4,1,5,4,2,0
0,135,131,50,101,71,117,34,105,50,89,0
135,0,92,48,139,129,79,76,30,95,74,135
131,92,0,77,59,120,49,84,76,130,115,131
50,48,77,0,64,141,94,134,82,120,94,50
101,139,59,64,0,74,33,70,93,138,61,101
71,129,120,141,74,0,73,148,46,144,115,71
117,79,49,94,33,73,0,84,130,66,38,117
34,76,84,134,70,148,84,0,82,64,81,34
105,30,76,82,93,46,130,82,0,80,98,105
50,95,130,120,138,144,66,64,80,0,148,50
89,74,115,94,61,115,38,81,98,148,0,89
0,135,131,50,101,71,117,34,105,50,89,0
