9
0,3,1,2,1,1,1,3,2,2,0
0,85,35,13,60,30,50,55,29,11,0
85,0,62,32,24,29,34,47,35,56,85
35,62,0,38,85,61,26,97,17,15,35
13,32,38,0,89,74,20,91,87,88,13
60,24,85,89,0,31,30,78,33,45,60
30,29,61,74,31,0,16,18,57,77,30
50,34,26,20,30,16,0,77,77,88,50
55,47,97,91,78,18,77,0,30,74,55
29,35,17,87,33,57,77,30,0,35,29
11,56,15,88,45,77,88,74,35,0,11
0,85,35,13,60,30,50,55,29,11,0
