6
0,4,3,2,2,3,3,0
0,99,58,63,33,77,33,0
99,0,78,77,50,46,44,99
58,78,0,50,27,72,73,58
63,77,50,0,60,28,84,63
33,50,27,60,0,15,100,33
77,46,72,28,15,0,60,77
33,44,73,84,100,60,0,33
0,99,58,63,33,77,33,0
