9
0,3,1,4,4,3,2,1,1,1,0
0,42,57,70,23,78,40,43,23,46,0
42,0,67,96,68,42,57,25,21,64,42
57,67,0,18,42,60,70,98,26,35,57
70,96,18,0,21,88,26,85,11,50,70
23,68,42,21,0,88,22,47,79,23,23
78,42,60,88,88,0,23,94,66,12,78
40,57,70,26,22,23,0,30,48,34,40
43,25,98,85,47,94,30,0,38,49,43
23,21,26,11,79,66,48,38,0,69,23
46,64,35,50,23,12,34,49,69,0,46
0,42,57,70,23,78,40,43,23,46,0
