5
0,1,3,3,4,1,0
0,77,20,65,87,87,0
77,0,30,67,91,13,77
20,30,0,44,58,75,20
65,67,44,0,21,38,65
87,91,58,21,0,47,87
87,13,75,38,47,0,87
0,77,20,65,87,87,0
