5
0,4,2,4,2,1,0
0,73,56,97,14,68,0
73,0,32,69,23,61,73
56,32,0,92,41,31,56
97,69,92,0,18,23,97
14,23,41,18,0,18,14
68,61,31,23,18,0,68
0,73,56,97,14,68,0
