10
0,2,2,3,2,2,3,2,1,1,2,0
0,17,18,85,26,18,100,73,32,40,83,0
17,0,74,56,76,66,35,85,42,37,25,17
18,74,0,82,83,88,39,44,43,59,33,18
85,56,82,0,50,71,51,53,70,86,88,85
26,76,83,50,0,20,55,68,67,85,19,26
18,66,88,71,20,0,66,30,58,29,22,18
100,35,39,51,55,66,0,28,44,92,89,100
73,85,44,53,68,30,28,0,41,41,43,73
32,42,43,70,67,58,44,41,0,99,40,32
40,37,59,86,85,29,92,41,99,0,83,40
83,25,33,88,19,22,89,43,40,83,0,83
0,17,18,85,26,18,100,73,32,40,83,0
