6
0,4,4,3,3,1,4,0
0,84,48,12,33,15,95,0
84,0,66,89,32,29,99,84
48,66,0,63,88,12,66,48
12,89,63,0,21,10,16,12
33,32,88,21,0,11,58,33
15,29,12,10,11,0,46,15
95,99,66,16,58,46,0,95
0,84,48,12,33,15,95,0
