10
0,3,4,1,4,1,4,2,2,3,1,0
0,85,30,69,72,28,59,56,10,75,54,0
85,0,57,39,100,29,64,56,95,44,74,85
30,57,0,62,100,74,54,13,50,73,41,30
69,39,62,0,53,26,95,64,46,18,62,69
72,100,100,53,0,44,61,60,78,50,17,72
28,29,74,26,44,0,53,59,57,23,34,28
59,64,54,95,61,53,0,99,72,83,44,59
56,56,13,64,60,59,99,0,52,30,94,56
10,95,50,46,78,57,72,52,0,89,28,10
75,44,73,18,50,23,83,30,89,0,11,75
54,74,41,62,17,34,44,94,28,11,0,54
0,85,30,69,72,28,59,56,10,75,54,0
