10
1,2
2,3
3,4
4,4
5,4
6,1
7,2
8,2
9,1
10,2
0,11,11,19,7,15,1,9,6,9,14,0
11,0,16,20,9,1,8,2,18,6,9,11
11,16,0,15,4,4,5,5,5,3,5,11
19,20,15,0,11,3,17,12,7,10,8,19
7,9,4,11,0,15,10,1,4,19,18,7
15,1,4,3,15,0,20,3,11,18,10,15
1,8,5,17,10,20,0,17,11,12,17,1
9,2,5,12,1,3,17,0,18,1,13,9
6,18,5,7,4,11,11,18,0,17,17,6
9,6,3,10,19,18,12,1,17,0,6,9
14,9,5,8,18,10,17,13,17,6,0,14
0,11,11,19,7,15,1,9,6,9,14,0
