8
0,4,2,3,3,1,3,3,3,0
0,38,68,38,39,92,41,16,51,0
38,0,67,60,87,97,62,96,48,38
68,67,0,71,34,89,43,44,53,68
38,60,71,0,41,58,71,38,10,38
39,87,34,41,0,41,86,17,22,39
92,97,89,58,41,0,80,83,57,92
41,62,43,71,86,80,0,75,48,41
16,96,44,38,17,83,75,0,88,16
51,48,53,10,22,57,48,88,0,51
0,38,68,38,39,92,41,16,51,0
