9
1,3
2,1
3,1
4,1
5,5
6,2
7,2
8,2
9,4
0,11,12,10,12,1,8,2,9,1,0
11,0,4,2,20,11,11,15,9,5,11
12,4,0,2,18,2,4,4,3,6,12
10,2,2,0,6,13,15,1,5,20,10
12,20,18,6,0,15,18,14,5,14,12
1,11,2,13,15,0,10,14,1,1,1
8,11,4,15,18,10,0,13,17,1,8
2,15,4,1,14,14,13,0,4,10,2
9,9,3,5,5,1,17,4,0,14,9
1,5,6,20,14,1,1,10,14,0,1
0,11,12,10,12,1,8,2,9,1,0
