7
0,4,2,3,1,3,2,1,0
0,56,77,16,74,54,41,80,0
56,0,43,72,52,14,77,17,56
77,43,0,31,31,72,72,54,77
16,72,31,0,16,30,49,31,16
74,52,31,16,0,100,64,19,74
54,14,72,30,100,0,14,89,54
41,77,72,49,64,14,0,80,41
80,17,54,31,19,89,80,0,80
0,56,77,16,74,54,41,80,0
