7
0,1,2,2,2,1,2,3,0
0,84,81,67,32,66,29,58,0
84,0,85,94,69,78,21,25,84
81,85,0,55,95,39,97,59,81
67,94,55,0,69,17,97,15,67
32,69,95,69,0,63,66,100,32
66,78,39,17,63,0,72,29,66
29,21,97,97,66,72,0,49,29
58,25,59,15,100,29,49,0,58
0,84,81,67,32,66,29,58,0
