7
0,3,4,4,1,2,4,3,0
0,24,19,33,45,68,70,91,0
24,0,21,84,79,55,68,26,24
19,21,0,55,16,75,32,83,19
33,84,55,0,57,89,89,87,33
45,79,16,57,0,33,65,69,45
68,55,75,89,33,0,65,34,68
70,68,32,89,65,65,0,97,70
91,26,83,87,69,34,97,0,91
0,24,19,33,45,68,70,91,0
