8
0,2,4,2,1,2,4,4,1,0
0,49,25,60,55,29,53,10,92,0
49,0,22,24,21,97,61,91,16,49
25,22,0,24,87,61,80,44,94,25
60,24,24,0,55,18,92,98,30,60
55,21,87,55,0,43,51,63,24,55
29,97,61,18,43,0,87,70,87,29
53,61,80,92,51,87,0,55,51,53
10,91,44,98,63,70,55,0,15,10
92,16,94,30,24,87,51,15,0,92
0,49,25,60,55,29,53,10,92,0
